'Overall Rating'
[[2854  620  219  109   15]
 [ 793 2203  499  298   24]
 [ 117  390 2092 1114  104]
 [  25   39  137 2880  736]
 [  13   18   69  459 3258]]

'Skill development/learning'
[[716  16   1  49   0]
 [ 92 513  40 137   0]
 [  9  31 418 307  17]
 [  4   4   5 641 128]
 [  1   1   3 149 628]]

'Work-Life balance'
[[251  39   9   4   3]
 [ 28 244  32   2   0]
 [  8  36 213  39  10]
 [  3   8  24 210  61]
 [  0   2  13  53 238]]

'Compensation & Benefits'
[[610 177  18  18   0]
 [130 614  44  35   0]
 [ 23  62 560 163  15]
 [  8  17  43 691  64]
 [  7   8  13 226 569]]

'Company culture'
[[666  21  22  27   3]
 [121 502  69  47   0]
 [  2  91 420 210  16]
 [  4   7  41 539 148]
 [  2   2  11 132 592]]

'Job Security'
[[274  34   3   6   2]
 [ 50 227  25  17   0]
 [  3  57 172  80   7]
 [  1   5  18 252  43]
 [  0   1  13  40 265]]

'Career growth & opportunities'
[[377  78  36   6   3]
 [ 74 310  90  22   4]
 [ 11  70 302  96  21]
 [  1  17  74 311  97]
 [  1   4  32  88 375]]

'Work Satisfaction'
[[403   0   2   4   0]
 [ 99 194  97  19   0]
 [ 26   5 228 143   7]
 [  6   0  29 296  78]
 [  2   0  10  45 352]]


